Starting calibration using these settings:
acceptedNoneImprovements	20
yStepMin	1
yStepMax	20
xStepMin	1
xStepMax	8
yStepIncrease	5
xStepIncrease	2
Starting error	5369.61946565394.92822124
5429.89289437
5443.9648523
5444.63151897
5444.79818563
5455.76212733
5455.76212733
5455.76212733
5455.76212733
5505.47507708
5509.23572275
5513.42461752
5519.21897191
5519.35704309
5517.85959971
5515.35375674
5519.21897191
5518.89638776
5515.44282953
5519.55559159
5518.62754953
5515.95686507
5519.73300744
5517.98765145
5519.73300744
5519.73300744
5519.73300744
5520.11314827
5520.68928098
5523.35140715
5529.48582627
5529.48582627
5524.19147188
5524.33209969
5522.83700589
5529.48582627
5529.48582627
5524.98911262
5529.48582627
5524.35104143
5522.33956252
5529.48582627
5524.91898158
5529.48582627
5522.86925345
5529.48582627
5522.86925345
5527.32990878
5529.48582627
5527.49657545
5529.13355119
5529.13355119
5529.13355119
5529.13355119
5523.60349454
5525.75012401
5526.05376641
5529.48582627
5529.48582627
5521.73191199
5525.99913207
5528.68583594
5525.62645407
5527.42753986
5523.24156573
5528.30950587
5529.24156573
5527.8391968
5534.26415954
5532.28675336
5530.00351388
5530.59639743
5533.9215382
5531.51916927
5530.18437477
5533.40113528
5533.40113528
5530.00351388
5541.95962872
5542.07437636
5539.91736342
5544.33831008
5546.88203655
5547.08914333
5547.35599769
5546.77621291
5551.47966762
5553.57839414
5556.17675495
5557.33888113
5562.18223391
5575.6261384
5583.40848947
5581.46458498
5582.29264638
5579.75711248
5582.0833487
5580.92743122
5579.16422893
5581.40848947
5582.65948141
5584.36914481
5580.29755259
5580.97241182
5583.32980014
5579.5833487
5581.22888272
5582.02761891
5580.92743122
5584.47496844
5582.228517
5582.78789886
5576.00429366
5583.29645714
5581.76895711
5579.81649434
5582.92852667
5577.32233732
5582.41668203
5581.50465937
5580.71886327
5582.89627912
5581.78299265
5582.56294578
5584.77005257
5583.64528718
5583.4070283
5583.36549274
5580.49537136
5576.46239237
5579.27167242
5583.5633115
5581.33689726
5582.19992152
5581.08444415
5583.17023059
5583.31795551
5583.59154126
5584.5855396
5582.8869911
5580.5633115
5582.43671923
5573.219593
5581.50685028
5582.21176616
5580.21176616
5589.42743122
5585.44527751
5583.78534224
5587.72032444
5586.22742155
5589.62488427
5586.38443448
5587.55673709
5585.85802991
5585.82870469
5589.29155093
5585.95347008
5588.0833487
5583.81758979
5583.10009954
5588.05365777
5588.26786166
5586.39627912
5590.93927585
5584.4186659
5588.80939723
5587.53690693
5587.19282441
5585.47277754
5587.49646681
5587.33799271
5589.06404124
5588.32014641
5586.37478075
5586.95456553
5584.52141022
5588.84983734
5589.22361079
5588.13052021
5587.65948141
5585.38552993
5587.53106395
5586.92743122
5587.54181313
5587.68207523
5587.17023059
5585.04290859
5586.26076455
